241.0,310.0,105.0,738.0,405.0,490.0,158.0,92.0,68.0,20.0,411.0,562.0,939.0,296.0,819.0,783.0,60.0,227.0,532.0,549.0,368.0,283.0,798.0,176.0,846.0,108.0,268.0,219.0,965.0,949.0,26.0,848.0,656.0,826.0,266.0,985.0,278.0,198.0,168.0,317.0,986.0,642.0,888.0,749.0,875.0,868.0,901.0,381.0,88.0,865.0,620.0,345.0,687.0,397.0,518.0,254.0,182.0,253.0,484.0,286.0,91.0,837.0,886.0,560.0,860.0,307.0,7.0,930.0,298.0,586.0,721.0,903.0,319.0,954.0,984.0,520.0,199.0,423.0,433.0,613.0,295.0,441.0,462.0,165.0,238.0,312.0,265.0,832.0,816.0,44.0,83.0,47.0,473.0,641.0,287.0,531.0,547.0,663.0,482.0,7171.0
351.0,148.0,689.0,200.0,68.0,422.0,935.0,207.0,650.0,647.0,451.0,282.0,188.0,364.0,446.0,764.0,602.0,328.0,649.0,571.0,203.0,926.0,331.0,103.0,859.0,63.0,725.0,234.0,284.0,783.0,596.0,630.0,882.0,243.0,125.0,339.0,957.0,181.0,297.0,470.0,26.0,43.0,365.0,714.0,84.0,917.0,292.0,752.0,691.0,334.0,18.0,330.0,295.0,329.0,156.0,793.0,667.0,420.0,967.0,890.0,635.0,696.0,837.0,79.0,300.0,632.0,196.0,915.0,454.0,299.0,139.0,256.0,390.0,613.0,162.0,964.0,586.0,9.0,372.0,45.0,465.0,173.0,373.0,802.0,823.0,371.0,961.0,585.0,99.0,449.0,212.0,434.0,909.0,116.0,60.0,974.0,56.0,754.0,172.0,6091.0
693.0,993.0,153.0,621.0,41.0,559.0,502.0,596.0,255.0,329.0,36.0,125.0,854.0,541.0,299.0,792.0,419.0,667.0,205.0,489.0,206.0,247.0,449.0,420.0,503.0,37.0,224.0,431.0,454.0,254.0,662.0,910.0,438.0,850.0,220.0,510.0,192.0,32.0,974.0,260.0,259.0,248.0,538.0,213.0,790.0,237.0,427.0,890.0,267.0,145.0,332.0,52.0,912.0,322.0,578.0,119.0,583.0,412.0,922.0,668.0,669.0,891.0,809.0,734.0,762.0,995.0,506.0,396.0,95.0,440.0,215.0,894.0,586.0,921.0,169.0,344.0,303.0,672.0,482.0,818.0,657.0,946.0,834.0,430.0,540.0,965.0,670.0,820.0,702.0,947.0,274.0,346.0,401.0,508.0,76.0,879.0,286.0,642.0,684.0,1951.0
45.0,404.0,920.0,634.0,130.0,785.0,991.0,275.0,683.0,876.0,61.0,890.0,171.0,704.0,650.0,475.0,582.0,483.0,764.0,413.0,949.0,399.0,223.0,817.0,3.0,216.0,944.0,160.0,13.0,624.0,897.0,263.0,118.0,405.0,829.0,788.0,801.0,390.0,898.0,227.0,563.0,54.0,899.0,206.0,165.0,687.0,622.0,338.0,838.0,913.0,575.0,792.0,803.0,482.0,937.0,539.0,450.0,27.0,80.0,35.0,712.0,608.0,115.0,500.0,574.0,885.0,968.0,953.0,948.0,142.0,42.0,371.0,81.0,786.0,900.0,535.0,10.0,304.0,857.0,355.0,847.0,76.0,87.0,556.0,464.0,962.0,210.0,806.0,318.0,397.0,239.0,776.0,498.0,990.0,409.0,97.0,79.0,117.0,635.0,9761.0
906.0,374.0,524.0,444.0,425.0,878.0,728.0,795.0,454.0,68.0,643.0,902.0,963.0,200.0,652.0,309.0,952.0,856.0,490.0,432.0,121.0,817.0,571.0,171.0,380.0,895.0,166.0,180.0,723.0,152.0,334.0,506.0,880.0,346.0,264.0,554.0,925.0,4.0,727.0,172.0,5.0,663.0,319.0,123.0,558.0,113.0,498.0,805.0,732.0,615.0,495.0,538.0,77.0,533.0,251.0,421.0,867.0,300.0,365.0,234.0,785.0,184.0,884.0,641.0,1.0,692.0,54.0,624.0,929.0,320.0,557.0,478.0,801.0,581.0,312.0,888.0,518.0,983.0,451.0,627.0,632.0,452.0,401.0,144.0,257.0,789.0,611.0,370.0,677.0,348.0,136.0,443.0,84.0,620.0,147.0,691.0,828.0,637.0,181.0,2921.0
923.0,962.0,380.0,202.0,589.0,812.0,358.0,691.0,635.0,904.0,95.0,78.0,412.0,661.0,958.0,925.0,183.0,337.0,669.0,997.0,334.0,178.0,307.0,990.0,23.0,618.0,20.0,536.0,772.0,849.0,90.0,820.0,367.0,826.0,832.0,100.0,162.0,186.0,598.0,507.0,676.0,587.0,988.0,778.0,947.0,119.0,176.0,667.0,490.0,992.0,907.0,763.0,227.0,632.0,805.0,851.0,959.0,310.0,873.0,704.0,415.0,902.0,613.0,243.0,918.0,501.0,720.0,226.0,317.0,376.0,235.0,948.0,979.0,550.0,641.0,542.0,462.0,920.0,822.0,409.0,518.0,410.0,837.0,320.0,290.0,448.0,421.0,602.0,13.0,257.0,188.0,553.0,469.0,709.0,574.0,629.0,845.0,373.0,413.0,3971.0
638.0,28.0,159.0,523.0,69.0,469.0,988.0,645.0,942.0,355.0,618.0,815.0,319.0,932.0,93.0,773.0,264.0,495.0,227.0,655.0,950.0,488.0,913.0,989.0,796.0,67.0,152.0,946.0,244.0,70.0,306.0,135.0,48.0,167.0,407.0,809.0,595.0,697.0,635.0,560.0,730.0,551.0,268.0,18.0,536.0,251.0,161.0,769.0,99.0,210.0,32.0,324.0,83.0,124.0,277.0,62.0,899.0,658.0,295.0,624.0,911.0,646.0,718.0,176.0,748.0,973.0,670.0,424.0,133.0,943.0,726.0,736.0,947.0,573.0,373.0,710.0,2.0,741.0,901.0,565.0,997.0,514.0,421.0,157.0,220.0,864.0,305.0,982.0,519.0,995.0,384.0,172.0,966.0,895.0,262.0,527.0,400.0,550.0,698.0,3101.0
882.0,410.0,336.0,174.0,396.0,63.0,433.0,28.0,285.0,897.0,692.0,19.0,311.0,983.0,808.0,156.0,87.0,160.0,118.0,868.0,623.0,843.0,15.0,237.0,236.0,566.0,8.0,488.0,932.0,735.0,545.0,189.0,906.0,845.0,463.0,749.0,723.0,890.0,943.0,699.0,959.0,714.0,388.0,344.0,867.0,176.0,853.0,543.0,601.0,192.0,109.0,486.0,634.0,924.0,933.0,365.0,312.0,662.0,851.0,918.0,423.0,614.0,755.0,38.0,840.0,647.0,217.0,261.0,592.0,878.0,821.0,677.0,605.0,314.0,803.0,917.0,972.0,640.0,953.0,347.0,826.0,854.0,85.0,913.0,241.0,914.0,323.0,904.0,106.0,674.0,715.0,39.0,619.0,330.0,539.0,487.0,361.0,83.0,181.0,7301.0
44.0,510.0,531.0,558.0,847.0,612.0,728.0,255.0,39.0,205.0,692.0,73.0,344.0,800.0,616.0,930.0,141.0,713.0,315.0,119.0,519.0,910.0,846.0,844.0,521.0,859.0,0.0,988.0,864.0,231.0,638.0,280.0,637.0,18.0,911.0,750.0,35.0,10.0,489.0,714.0,148.0,218.0,368.0,992.0,965.0,756.0,766.0,353.0,835.0,305.0,878.0,397.0,647.0,619.0,412.0,34.0,177.0,422.0,505.0,65.0,772.0,522.0,883.0,975.0,950.0,573.0,707.0,289.0,807.0,212.0,721.0,720.0,447.0,329.0,179.0,219.0,966.0,490.0,908.0,927.0,282.0,339.0,773.0,416.0,642.0,862.0,419.0,328.0,768.0,634.0,215.0,262.0,286.0,523.0,88.0,30.0,945.0,269.0,623.0,2941.0
691.0,936.0,656.0,135.0,627.0,776.0,320.0,88.0,957.0,801.0,169.0,635.0,94.0,717.0,216.0,956.0,955.0,259.0,684.0,221.0,911.0,657.0,511.0,782.0,116.0,660.0,348.0,8.0,466.0,583.0,208.0,170.0,95.0,250.0,531.0,863.0,97.0,975.0,816.0,323.0,303.0,890.0,580.0,595.0,676.0,154.0,928.0,764.0,77.0,677.0,867.0,183.0,920.0,735.0,952.0,27.0,774.0,785.0,820.0,185.0,692.0,211.0,269.0,35.0,607.0,332.0,646.0,336.0,753.0,788.0,621.0,864.0,373.0,166.0,175.0,773.0,220.0,50.0,54.0,164.0,700.0,58.0,689.0,268.0,721.0,981.0,686.0,964.0,505.0,106.0,949.0,204.0,961.0,141.0,401.0,490.0,615.0,559.0,507.0,5531.0
331.0,370.0,440.0,761.0,415.0,858.0,37.0,776.0,940.0,38.0,185.0,156.0,366.0,224.0,303.0,243.0,372.0,587.0,886.0,199.0,961.0,639.0,693.0,352.0,392.0,983.0,548.0,725.0,114.0,967.0,229.0,195.0,356.0,189.0,547.0,217.0,21.0,27.0,120.0,968.0,985.0,845.0,706.0,748.0,329.0,554.0,509.0,42.0,313.0,819.0,736.0,821.0,402.0,167.0,142.0,384.0,632.0,474.0,359.0,364.0,5.0,457.0,714.0,139.0,458.0,30.0,996.0,802.0,749.0,733.0,428.0,216.0,117.0,338.0,302.0,611.0,571.0,55.0,916.0,80.0,493.0,165.0,691.0,539.0,62.0,989.0,855.0,629.0,246.0,614.0,340.0,613.0,20.0,742.0,676.0,23.0,391.0,447.0,236.0,9501.0
599.0,141.0,636.0,43.0,137.0,187.0,619.0,292.0,239.0,445.0,757.0,321.0,553.0,649.0,380.0,174.0,747.0,353.0,950.0,691.0,856.0,557.0,675.0,586.0,958.0,982.0,264.0,611.0,343.0,550.0,32.0,978.0,155.0,374.0,584.0,883.0,873.0,201.0,506.0,482.0,848.0,122.0,75.0,904.0,642.0,609.0,200.0,162.0,146.0,564.0,728.0,143.0,972.0,858.0,52.0,551.0,839.0,354.0,895.0,82.0,726.0,48.0,803.0,979.0,993.0,152.0,556.0,180.0,269.0,639.0,58.0,302.0,486.0,903.0,886.0,287.0,214.0,658.0,483.0,778.0,289.0,542.0,707.0,771.0,63.0,909.0,948.0,294.0,426.0,46.0,2.0,942.0,918.0,617.0,874.0,865.0,368.0,73.0,205.0,4431.0
693.0,81.0,819.0,434.0,807.0,934.0,33.0,290.0,203.0,866.0,999.0,978.0,200.0,838.0,176.0,206.0,732.0,940.0,764.0,945.0,82.0,95.0,10.0,909.0,3.0,298.0,532.0,530.0,537.0,996.0,66.0,94.0,535.0,655.0,346.0,683.0,172.0,645.0,204.0,522.0,708.0,562.0,63.0,706.0,957.0,969.0,142.0,446.0,138.0,912.0,106.0,780.0,529.0,332.0,525.0,347.0,680.0,283.0,136.0,601.0,599.0,121.0,593.0,656.0,638.0,72.0,616.0,5.0,160.0,44.0,786.0,278.0,558.0,659.0,435.0,792.0,311.0,607.0,367.0,777.0,156.0,971.0,371.0,549.0,467.0,253.0,639.0,463.0,174.0,494.0,667.0,594.0,557.0,26.0,908.0,571.0,583.0,198.0,267.0,9821.0
700.0,587.0,743.0,612.0,977.0,713.0,462.0,966.0,340.0,165.0,311.0,164.0,323.0,980.0,307.0,870.0,987.0,722.0,214.0,546.0,495.0,632.0,299.0,275.0,377.0,881.0,679.0,169.0,322.0,99.0,884.0,238.0,816.0,918.0,336.0,652.0,854.0,198.0,180.0,451.0,98.0,317.0,33.0,533.0,5.0,47.0,887.0,2.0,897.0,670.0,999.0,569.0,182.0,228.0,939.0,251.0,381.0,660.0,402.0,395.0,247.0,647.0,452.0,749.0,442.0,297.0,519.0,91.0,351.0,809.0,44.0,959.0,189.0,56.0,416.0,4.0,401.0,167.0,444.0,949.0,754.0,45.0,571.0,227.0,382.0,931.0,520.0,357.0,899.0,698.0,135.0,0.0,354.0,372.0,928.0,777.0,387.0,586.0,219.0,5011.0
360.0,959.0,587.0,443.0,566.0,748.0,93.0,401.0,161.0,88.0,459.0,396.0,537.0,215.0,769.0,27.0,94.0,292.0,102.0,129.0,130.0,467.0,448.0,755.0,357.0,776.0,923.0,904.0,416.0,325.0,410.0,685.0,316.0,910.0,803.0,405.0,918.0,935.0,745.0,105.0,817.0,942.0,348.0,902.0,384.0,521.0,850.0,78.0,727.0,499.0,445.0,734.0,376.0,899.0,232.0,589.0,875.0,636.0,167.0,438.0,291.0,126.0,343.0,547.0,36.0,532.0,898.0,795.0,644.0,833.0,688.0,700.0,243.0,628.0,188.0,793.0,490.0,236.0,933.0,530.0,363.0,432.0,450.0,427.0,544.0,864.0,682.0,938.0,506.0,886.0,12.0,859.0,715.0,441.0,781.0,366.0,480.0,759.0,767.0,2871.0
201.0,144.0,341.0,368.0,156.0,271.0,554.0,734.0,971.0,577.0,937.0,676.0,495.0,791.0,614.0,810.0,139.0,501.0,951.0,394.0,759.0,488.0,356.0,636.0,520.0,839.0,773.0,968.0,805.0,921.0,32.0,760.0,816.0,684.0,445.0,260.0,606.0,976.0,710.0,191.0,904.0,662.0,548.0,180.0,866.0,18.0,470.0,702.0,890.0,585.0,312.0,135.0,46.0,2.0,838.0,238.0,789.0,348.0,158.0,322.0,836.0,335.0,858.0,460.0,588.0,236.0,280.0,813.0,57.0,966.0,64.0,36.0,451.0,113.0,738.0,754.0,653.0,248.0,230.0,484.0,817.0,957.0,929.0,557.0,628.0,167.0,178.0,200.0,5.0,874.0,198.0,525.0,814.0,195.0,225.0,14.0,513.0,494.0,334.0,3571.0
271.0,587.0,415.0,591.0,134.0,724.0,772.0,937.0,939.0,346.0,675.0,650.0,716.0,121.0,631.0,257.0,270.0,98.0,58.0,882.0,345.0,922.0,727.0,57.0,898.0,798.0,393.0,70.0,211.0,729.0,254.0,51.0,501.0,750.0,396.0,375.0,71.0,870.0,776.0,654.0,734.0,892.0,86.0,865.0,150.0,742.0,927.0,843.0,456.0,720.0,966.0,438.0,525.0,838.0,384.0,991.0,714.0,110.0,174.0,147.0,35.0,173.0,645.0,466.0,545.0,885.0,539.0,483.0,875.0,451.0,964.0,579.0,443.0,252.0,931.0,655.0,256.0,276.0,584.0,7.0,273.0,407.0,706.0,577.0,340.0,902.0,717.0,293.0,804.0,721.0,831.0,122.0,161.0,947.0,797.0,192.0,165.0,708.0,793.0,3991.0
677.0,556.0,132.0,666.0,188.0,627.0,826.0,193.0,575.0,905.0,73.0,553.0,760.0,989.0,830.0,313.0,31.0,82.0,517.0,471.0,690.0,96.0,662.0,542.0,7.0,285.0,270.0,847.0,201.0,787.0,778.0,192.0,119.0,985.0,261.0,596.0,408.0,276.0,540.0,933.0,278.0,6.0,104.0,963.0,371.0,613.0,828.0,166.0,753.0,503.0,615.0,990.0,740.0,351.0,725.0,766.0,194.0,869.0,502.0,250.0,168.0,782.0,172.0,341.0,750.0,32.0,215.0,992.0,746.0,551.0,476.0,976.0,330.0,130.0,624.0,175.0,833.0,373.0,592.0,526.0,440.0,840.0,987.0,460.0,922.0,335.0,706.0,969.0,774.0,79.0,824.0,470.0,496.0,279.0,266.0,157.0,114.0,726.0,673.0,9651.0
766.0,449.0,923.0,992.0,941.0,608.0,515.0,669.0,500.0,713.0,988.0,468.0,87.0,275.0,383.0,764.0,558.0,101.0,616.0,309.0,625.0,9.0,162.0,392.0,520.0,908.0,180.0,692.0,393.0,493.0,183.0,33.0,327.0,225.0,641.0,248.0,408.0,545.0,171.0,195.0,480.0,732.0,686.0,469.0,308.0,396.0,278.0,341.0,446.0,212.0,712.0,662.0,37.0,754.0,689.0,586.0,56.0,797.0,911.0,565.0,960.0,984.0,844.0,857.0,34.0,543.0,505.0,952.0,263.0,778.0,794.0,789.0,58.0,129.0,985.0,52.0,722.0,747.0,411.0,429.0,820.0,381.0,254.0,356.0,448.0,375.0,407.0,590.0,27.0,397.0,755.0,131.0,141.0,482.0,416.0,257.0,785.0,173.0,735.0,7501.0
949.0,969.0,455.0,542.0,370.0,376.0,811.0,577.0,105.0,814.0,784.0,184.0,151.0,311.0,638.0,938.0,526.0,677.0,790.0,156.0,64.0,504.0,687.0,724.0,846.0,573.0,39.0,926.0,700.0,729.0,286.0,639.0,762.0,205.0,989.0,2.0,441.0,416.0,276.0,511.0,170.0,851.0,946.0,29.0,111.0,139.0,944.0,417.0,823.0,848.0,808.0,280.0,569.0,462.0,943.0,839.0,794.0,898.0,74.0,649.0,332.0,265.0,554.0,752.0,914.0,733.0,925.0,449.0,175.0,905.0,22.0,895.0,349.0,259.0,261.0,267.0,396.0,350.0,61.0,584.0,625.0,181.0,437.0,877.0,271.0,576.0,103.0,242.0,587.0,991.0,101.0,507.0,881.0,615.0,283.0,419.0,746.0,126.0,398.0,4471.0
797.0,479.0,534.0,645.0,458.0,590.0,902.0,962.0,167.0,689.0,871.0,487.0,527.0,178.0,292.0,865.0,358.0,896.0,285.0,694.0,647.0,72.0,451.0,703.0,530.0,613.0,664.0,746.0,880.0,536.0,715.0,196.0,302.0,681.0,724.0,708.0,545.0,929.0,810.0,395.0,267.0,544.0,998.0,774.0,970.0,342.0,62.0,333.0,802.0,635.0,472.0,382.0,561.0,867.0,866.0,355.0,145.0,225.0,238.0,624.0,376.0,612.0,77.0,264.0,921.0,431.0,870.0,459.0,295.0,667.0,426.0,516.0,174.0,601.0,729.0,410.0,227.0,971.0,399.0,913.0,289.0,809.0,320.0,767.0,142.0,909.0,855.0,261.0,450.0,219.0,206.0,490.0,103.0,661.0,506.0,606.0,161.0,64.0,262.0,6201.0
17.0,152.0,325.0,407.0,336.0,375.0,767.0,965.0,143.0,80.0,609.0,522.0,62.0,479.0,379.0,165.0,737.0,354.0,765.0,372.0,88.0,366.0,520.0,570.0,111.0,569.0,942.0,477.0,686.0,450.0,512.0,623.0,711.0,496.0,190.0,128.0,764.0,671.0,326.0,418.0,887.0,873.0,809.0,135.0,856.0,558.0,306.0,475.0,647.0,816.0,837.0,727.0,665.0,849.0,585.0,170.0,177.0,231.0,983.0,449.0,194.0,648.0,417.0,132.0,559.0,30.0,317.0,162.0,556.0,815.0,246.0,613.0,813.0,343.0,158.0,516.0,678.0,232.0,921.0,322.0,709.0,438.0,754.0,843.0,854.0,878.0,102.0,40.0,352.0,988.0,953.0,174.0,940.0,99.0,746.0,295.0,748.0,835.0,209.0,6411.0
175.0,624.0,71.0,543.0,757.0,703.0,842.0,322.0,94.0,30.0,139.0,958.0,141.0,631.0,876.0,73.0,181.0,589.0,269.0,897.0,906.0,174.0,49.0,699.0,892.0,347.0,323.0,656.0,279.0,479.0,484.0,152.0,759.0,918.0,113.0,512.0,992.0,297.0,609.0,259.0,673.0,670.0,316.0,59.0,535.0,4.0,547.0,454.0,682.0,264.0,810.0,1.0,858.0,536.0,369.0,67.0,722.0,266.0,662.0,608.0,61.0,751.0,551.0,793.0,826.0,569.0,452.0,805.0,686.0,68.0,495.0,425.0,478.0,517.0,485.0,568.0,882.0,866.0,767.0,502.0,330.0,579.0,44.0,530.0,217.0,690.0,675.0,593.0,171.0,404.0,592.0,292.0,884.0,620.0,362.0,501.0,730.0,32.0,278.0,1511.0
428.0,221.0,550.0,430.0,875.0,377.0,107.0,898.0,218.0,749.0,996.0,268.0,722.0,249.0,592.0,761.0,599.0,457.0,120.0,184.0,885.0,119.0,687.0,738.0,730.0,676.0,689.0,825.0,740.0,78.0,746.0,491.0,907.0,148.0,413.0,583.0,101.0,235.0,962.0,578.0,574.0,168.0,766.0,813.0,173.0,170.0,68.0,273.0,128.0,773.0,987.0,270.0,991.0,305.0,82.0,802.0,888.0,576.0,728.0,829.0,831.0,889.0,918.0,878.0,88.0,435.0,402.0,465.0,876.0,293.0,533.0,943.0,403.0,217.0,72.0,395.0,454.0,466.0,643.0,769.0,805.0,525.0,494.0,719.0,281.0,304.0,765.0,364.0,197.0,279.0,193.0,837.0,497.0,226.0,748.0,566.0,911.0,883.0,499.0,3291.0
443.0,146.0,377.0,504.0,224.0,828.0,266.0,240.0,975.0,916.0,487.0,24.0,563.0,155.0,611.0,649.0,243.0,543.0,539.0,57.0,637.0,643.0,356.0,479.0,677.0,793.0,406.0,534.0,599.0,27.0,731.0,639.0,317.0,235.0,779.0,862.0,844.0,986.0,64.0,192.0,436.0,202.0,167.0,948.0,172.0,118.0,483.0,816.0,796.0,298.0,128.0,32.0,814.0,867.0,864.0,149.0,892.0,774.0,522.0,214.0,352.0,734.0,666.0,587.0,391.0,279.0,810.0,21.0,339.0,388.0,860.0,223.0,901.0,883.0,973.0,307.0,138.0,959.0,835.0,160.0,309.0,123.0,886.0,897.0,110.0,242.0,98.0,993.0,404.0,401.0,773.0,740.0,278.0,199.0,190.0,323.0,746.0,68.0,868.0,2621.0
583.0,764.0,904.0,654.0,521.0,614.0,746.0,919.0,970.0,31.0,847.0,288.0,467.0,650.0,465.0,368.0,525.0,777.0,228.0,739.0,400.0,750.0,693.0,297.0,964.0,703.0,444.0,497.0,345.0,69.0,446.0,408.0,752.0,610.0,840.0,899.0,646.0,655.0,810.0,681.0,26.0,796.0,131.0,18.0,849.0,504.0,546.0,360.0,335.0,872.0,132.0,622.0,620.0,431.0,225.0,296.0,370.0,492.0,559.0,883.0,214.0,823.0,237.0,394.0,78.0,146.0,357.0,204.0,989.0,568.0,250.0,741.0,273.0,96.0,138.0,275.0,621.0,946.0,758.0,489.0,191.0,104.0,965.0,665.0,10.0,107.0,119.0,518.0,926.0,997.0,805.0,433.0,84.0,676.0,748.0,949.0,213.0,873.0,305.0,9731.0
102.0,706.0,830.0,132.0,379.0,680.0,952.0,160.0,710.0,728.0,576.0,887.0,471.0,28.0,989.0,510.0,593.0,295.0,419.0,225.0,501.0,182.0,875.0,612.0,704.0,398.0,646.0,904.0,480.0,536.0,13.0,751.0,228.0,966.0,821.0,258.0,277.0,768.0,619.0,500.0,578.0,176.0,116.0,57.0,803.0,67.0,888.0,730.0,350.0,243.0,800.0,523.0,940.0,591.0,806.0,778.0,541.0,163.0,437.0,773.0,546.0,994.0,145.0,486.0,454.0,655.0,691.0,805.0,417.0,897.0,878.0,542.0,303.0,103.0,330.0,996.0,979.0,681.0,785.0,696.0,455.0,136.0,713.0,188.0,222.0,98.0,403.0,229.0,389.0,770.0,767.0,262.0,850.0,281.0,771.0,101.0,58.0,378.0,448.0,8861.0
653.0,2.0,58.0,812.0,344.0,789.0,487.0,506.0,915.0,675.0,582.0,809.0,438.0,178.0,578.0,751.0,173.0,919.0,773.0,829.0,429.0,159.0,700.0,356.0,799.0,937.0,516.0,515.0,694.0,284.0,960.0,297.0,826.0,922.0,612.0,691.0,630.0,504.0,521.0,427.0,782.0,400.0,641.0,765.0,682.0,969.0,817.0,166.0,955.0,175.0,103.0,208.0,458.0,978.0,358.0,595.0,688.0,704.0,374.0,50.0,524.0,469.0,914.0,8.0,540.0,881.0,723.0,880.0,370.0,538.0,436.0,760.0,784.0,894.0,203.0,776.0,964.0,631.0,861.0,387.0,541.0,310.0,628.0,144.0,996.0,3.0,890.0,394.0,930.0,141.0,135.0,842.0,846.0,879.0,96.0,601.0,729.0,338.0,298.0,521.0
827.0,506.0,656.0,62.0,523.0,300.0,491.0,539.0,305.0,445.0,964.0,569.0,454.0,982.0,204.0,122.0,731.0,25.0,839.0,179.0,243.0,327.0,598.0,216.0,131.0,492.0,533.0,819.0,876.0,64.0,311.0,262.0,298.0,217.0,608.0,55.0,647.0,596.0,939.0,575.0,919.0,221.0,577.0,574.0,224.0,513.0,34.0,711.0,40.0,249.0,328.0,232.0,585.0,897.0,38.0,703.0,181.0,775.0,614.0,351.0,130.0,597.0,167.0,388.0,341.0,696.0,288.0,54.0,499.0,912.0,466.0,267.0,717.0,190.0,507.0,275.0,376.0,653.0,22.0,215.0,838.0,244.0,521.0,943.0,868.0,836.0,940.0,78.0,905.0,631.0,826.0,837.0,239.0,986.0,797.0,83.0,43.0,830.0,660.0,7411.0
798.0,154.0,738.0,467.0,297.0,964.0,360.0,721.0,186.0,650.0,918.0,559.0,605.0,956.0,800.0,143.0,501.0,37.0,442.0,809.0,994.0,198.0,958.0,973.0,759.0,676.0,666.0,644.0,911.0,868.0,330.0,260.0,327.0,965.0,806.0,56.0,690.0,128.0,783.0,843.0,731.0,852.0,410.0,887.0,119.0,836.0,791.0,794.0,891.0,10.0,544.0,169.0,325.0,970.0,866.0,213.0,193.0,66.0,197.0,590.0,45.0,490.0,872.0,777.0,628.0,15.0,323.0,413.0,287.0,423.0,509.0,654.0,27.0,443.0,384.0,744.0,518.0,979.0,296.0,196.0,776.0,130.0,131.0,886.0,660.0,386.0,929.0,77.0,528.0,446.0,901.0,620.0,472.0,704.0,461.0,144.0,926.0,539.0,248.0,2071.0
281.0,80.0,375.0,691.0,67.0,863.0,474.0,190.0,798.0,532.0,891.0,528.0,128.0,103.0,372.0,890.0,380.0,979.0,965.0,323.0,990.0,182.0,676.0,860.0,767.0,302.0,646.0,672.0,270.0,947.0,263.0,257.0,597.0,974.0,20.0,583.0,689.0,86.0,693.0,518.0,216.0,590.0,236.0,442.0,253.0,758.0,911.0,682.0,146.0,594.0,268.0,835.0,713.0,951.0,430.0,978.0,66.0,290.0,133.0,179.0,605.0,919.0,152.0,871.0,121.0,916.0,831.0,400.0,57.0,936.0,603.0,211.0,786.0,865.0,962.0,701.0,959.0,12.0,384.0,335.0,158.0,264.0,542.0,376.0,576.0,935.0,266.0,833.0,49.0,155.0,845.0,803.0,720.0,980.0,72.0,915.0,837.0,632.0,485.0,9531.0
718.0,592.0,936.0,675.0,549.0,266.0,721.0,95.0,740.0,619.0,491.0,994.0,435.0,180.0,185.0,246.0,917.0,585.0,369.0,480.0,776.0,392.0,495.0,120.0,598.0,224.0,430.0,628.0,408.0,409.0,37.0,187.0,987.0,837.0,486.0,559.0,494.0,353.0,985.0,550.0,905.0,156.0,177.0,490.0,159.0,271.0,828.0,865.0,4.0,798.0,912.0,77.0,866.0,140.0,733.0,689.0,134.0,515.0,742.0,319.0,806.0,499.0,317.0,142.0,543.0,479.0,330.0,580.0,160.0,374.0,627.0,590.0,781.0,39.0,450.0,516.0,188.0,576.0,219.0,680.0,333.0,320.0,167.0,726.0,845.0,739.0,873.0,756.0,132.0,932.0,935.0,237.0,618.0,324.0,21.0,922.0,68.0,615.0,815.0,7321.0
375.0,767.0,659.0,968.0,329.0,553.0,873.0,603.0,967.0,609.0,11.0,551.0,255.0,830.0,886.0,335.0,342.0,637.0,425.0,518.0,401.0,952.0,80.0,566.0,162.0,765.0,185.0,59.0,761.0,955.0,973.0,649.0,610.0,983.0,859.0,418.0,7.0,527.0,256.0,364.0,570.0,146.0,313.0,157.0,643.0,416.0,100.0,792.0,138.0,670.0,828.0,228.0,782.0,66.0,621.0,77.0,14.0,338.0,785.0,562.0,855.0,0.0,276.0,107.0,179.0,682.0,751.0,238.0,291.0,45.0,200.0,986.0,779.0,76.0,55.0,971.0,833.0,53.0,156.0,882.0,483.0,941.0,345.0,692.0,217.0,568.0,840.0,447.0,426.0,702.0,959.0,994.0,328.0,930.0,183.0,542.0,316.0,898.0,263.0,8291.0
759.0,63.0,843.0,785.0,793.0,573.0,301.0,303.0,346.0,102.0,966.0,463.0,472.0,332.0,593.0,238.0,53.0,846.0,795.0,777.0,453.0,13.0,222.0,266.0,486.0,205.0,673.0,360.0,694.0,369.0,241.0,446.0,333.0,347.0,280.0,172.0,110.0,852.0,636.0,543.0,235.0,386.0,897.0,644.0,988.0,990.0,221.0,302.0,638.0,364.0,505.0,493.0,942.0,883.0,719.0,455.0,589.0,418.0,919.0,616.0,579.0,792.0,326.0,501.0,695.0,313.0,371.0,818.0,18.0,456.0,75.0,322.0,51.0,127.0,401.0,351.0,227.0,980.0,576.0,519.0,753.0,411.0,461.0,469.0,747.0,803.0,310.0,536.0,193.0,998.0,844.0,826.0,568.0,977.0,288.0,367.0,699.0,276.0,62.0,741.0
874.0,65.0,116.0,2.0,898.0,352.0,547.0,571.0,127.0,206.0,282.0,403.0,860.0,617.0,712.0,808.0,764.0,863.0,224.0,225.0,745.0,594.0,941.0,791.0,970.0,195.0,313.0,828.0,736.0,247.0,186.0,606.0,47.0,510.0,151.0,993.0,711.0,873.0,141.0,379.0,266.0,602.0,275.0,643.0,64.0,922.0,166.0,234.0,624.0,327.0,451.0,596.0,278.0,796.0,393.0,523.0,412.0,76.0,761.0,455.0,132.0,787.0,522.0,902.0,317.0,91.0,577.0,401.0,329.0,516.0,751.0,744.0,631.0,54.0,170.0,506.0,668.0,428.0,424.0,513.0,484.0,505.0,385.0,92.0,38.0,831.0,537.0,450.0,710.0,193.0,312.0,927.0,738.0,331.0,728.0,130.0,570.0,948.0,805.0,201.0
719.0,939.0,940.0,583.0,995.0,271.0,309.0,959.0,365.0,595.0,46.0,14.0,141.0,740.0,610.0,54.0,924.0,283.0,360.0,996.0,854.0,675.0,137.0,976.0,90.0,837.0,339.0,182.0,932.0,562.0,60.0,104.0,50.0,720.0,619.0,437.0,633.0,668.0,702.0,69.0,612.0,505.0,407.0,446.0,767.0,44.0,26.0,978.0,808.0,764.0,766.0,847.0,98.0,68.0,654.0,201.0,596.0,621.0,462.0,324.0,821.0,51.0,422.0,687.0,89.0,164.0,648.0,662.0,872.0,500.0,379.0,38.0,643.0,926.0,151.0,724.0,110.0,734.0,15.0,566.0,658.0,741.0,525.0,41.0,82.0,963.0,746.0,333.0,512.0,349.0,301.0,59.0,160.0,227.0,480.0,836.0,395.0,481.0,9.0,5451.0
279.0,658.0,37.0,389.0,27.0,778.0,189.0,741.0,85.0,20.0,222.0,655.0,585.0,995.0,747.0,517.0,141.0,947.0,8.0,848.0,197.0,310.0,136.0,955.0,335.0,177.0,753.0,719.0,102.0,783.0,433.0,40.0,605.0,264.0,615.0,550.0,297.0,80.0,169.0,521.0,472.0,878.0,917.0,866.0,176.0,611.0,854.0,772.0,761.0,686.0,814.0,639.0,350.0,307.0,618.0,81.0,150.0,816.0,288.0,721.0,828.0,106.0,115.0,647.0,555.0,830.0,86.0,351.0,826.0,92.0,657.0,642.0,124.0,804.0,903.0,907.0,667.0,996.0,659.0,707.0,78.0,528.0,846.0,645.0,715.0,940.0,393.0,717.0,919.0,28.0,790.0,277.0,225.0,798.0,807.0,403.0,598.0,117.0,380.0,4061.0
459.0,851.0,288.0,124.0,520.0,359.0,905.0,420.0,577.0,959.0,397.0,227.0,708.0,949.0,929.0,188.0,435.0,573.0,238.0,909.0,566.0,526.0,241.0,141.0,190.0,217.0,722.0,27.0,586.0,41.0,80.0,736.0,108.0,56.0,314.0,791.0,564.0,209.0,449.0,300.0,912.0,251.0,242.0,604.0,269.0,805.0,426.0,383.0,724.0,470.0,382.0,715.0,495.0,373.0,720.0,792.0,125.0,1.0,38.0,270.0,747.0,590.0,447.0,116.0,544.0,970.0,479.0,632.0,574.0,686.0,666.0,999.0,869.0,368.0,329.0,636.0,390.0,879.0,278.0,787.0,312.0,156.0,65.0,264.0,797.0,493.0,196.0,441.0,59.0,123.0,740.0,681.0,713.0,941.0,930.0,647.0,111.0,26.0,731.0,2501.0
604.0,509.0,564.0,692.0,672.0,359.0,950.0,366.0,858.0,853.0,538.0,669.0,181.0,852.0,760.0,51.0,732.0,795.0,664.0,191.0,330.0,120.0,981.0,230.0,807.0,42.0,654.0,444.0,518.0,918.0,549.0,968.0,618.0,440.0,217.0,978.0,380.0,3.0,442.0,718.0,109.0,79.0,441.0,707.0,280.0,8.0,31.0,347.0,276.0,917.0,927.0,94.0,128.0,874.0,930.0,831.0,939.0,924.0,646.0,899.0,965.0,113.0,478.0,948.0,150.0,674.0,562.0,408.0,101.0,976.0,401.0,161.0,144.0,839.0,694.0,891.0,357.0,648.0,869.0,219.0,847.0,729.0,159.0,748.0,827.0,752.0,34.0,951.0,510.0,845.0,96.0,61.0,91.0,327.0,706.0,639.0,825.0,45.0,919.0,5711.0
257.0,747.0,169.0,972.0,956.0,719.0,334.0,28.0,451.0,167.0,790.0,263.0,534.0,828.0,82.0,757.0,931.0,567.0,396.0,370.0,160.0,341.0,3.0,992.0,655.0,935.0,39.0,143.0,583.0,0.0,994.0,965.0,315.0,939.0,638.0,968.0,376.0,466.0,347.0,383.0,947.0,448.0,749.0,884.0,344.0,654.0,846.0,147.0,789.0,816.0,887.0,431.0,907.0,438.0,704.0,922.0,141.0,473.0,280.0,372.0,485.0,633.0,888.0,713.0,314.0,532.0,330.0,77.0,636.0,535.0,185.0,140.0,598.0,515.0,335.0,333.0,51.0,797.0,238.0,967.0,420.0,46.0,923.0,97.0,952.0,529.0,759.0,413.0,750.0,55.0,780.0,322.0,230.0,878.0,356.0,975.0,897.0,101.0,489.0,5451.0
229.0,711.0,646.0,991.0,228.0,442.0,944.0,101.0,224.0,343.0,596.0,267.0,630.0,999.0,992.0,905.0,748.0,561.0,490.0,831.0,713.0,207.0,555.0,790.0,799.0,888.0,113.0,883.0,226.0,864.0,696.0,200.0,94.0,221.0,411.0,695.0,727.0,896.0,142.0,680.0,412.0,439.0,716.0,703.0,210.0,463.0,316.0,528.0,424.0,873.0,939.0,532.0,23.0,872.0,383.0,489.0,65.0,112.0,875.0,916.0,477.0,447.0,389.0,136.0,581.0,579.0,354.0,448.0,987.0,2.0,717.0,310.0,129.0,131.0,812.0,407.0,809.0,328.0,256.0,47.0,474.0,304.0,62.0,27.0,92.0,937.0,37.0,360.0,329.0,556.0,192.0,321.0,147.0,854.0,235.0,445.0,539.0,431.0,588.0,5291.0
252.0,663.0,974.0,406.0,22.0,517.0,112.0,539.0,697.0,521.0,197.0,951.0,839.0,609.0,0.0,119.0,110.0,192.0,607.0,818.0,17.0,901.0,394.0,152.0,797.0,805.0,476.0,955.0,403.0,479.0,260.0,348.0,297.0,90.0,560.0,461.0,464.0,429.0,966.0,734.0,482.0,598.0,673.0,891.0,486.0,732.0,431.0,108.0,497.0,763.0,799.0,330.0,475.0,483.0,676.0,320.0,559.0,940.0,188.0,979.0,684.0,137.0,153.0,931.0,158.0,795.0,268.0,492.0,746.0,363.0,612.0,578.0,783.0,855.0,229.0,680.0,653.0,7.0,968.0,5.0,387.0,419.0,69.0,841.0,742.0,39.0,346.0,905.0,572.0,206.0,545.0,455.0,887.0,682.0,748.0,848.0,758.0,862.0,89.0,1511.0
174.0,888.0,318.0,898.0,193.0,361.0,286.0,614.0,782.0,325.0,907.0,610.0,65.0,220.0,789.0,915.0,892.0,456.0,459.0,654.0,233.0,290.0,255.0,1.0,243.0,422.0,872.0,160.0,775.0,505.0,264.0,404.0,762.0,677.0,837.0,910.0,269.0,852.0,918.0,629.0,894.0,66.0,390.0,407.0,755.0,347.0,601.0,200.0,256.0,641.0,836.0,436.0,838.0,773.0,460.0,124.0,582.0,746.0,922.0,265.0,6.0,637.0,320.0,661.0,926.0,897.0,670.0,858.0,241.0,68.0,766.0,810.0,330.0,940.0,315.0,323.0,363.0,896.0,539.0,458.0,866.0,270.0,679.0,644.0,710.0,470.0,234.0,419.0,716.0,780.0,385.0,983.0,962.0,624.0,839.0,176.0,401.0,466.0,680.0,3051.0
662.0,567.0,229.0,608.0,211.0,26.0,757.0,339.0,93.0,587.0,534.0,305.0,798.0,529.0,208.0,495.0,25.0,574.0,136.0,840.0,842.0,731.0,981.0,763.0,127.0,827.0,580.0,487.0,905.0,934.0,523.0,575.0,722.0,109.0,750.0,674.0,53.0,107.0,183.0,414.0,564.0,953.0,802.0,390.0,35.0,817.0,914.0,909.0,929.0,865.0,41.0,294.0,739.0,149.0,728.0,382.0,304.0,269.0,578.0,307.0,961.0,537.0,437.0,632.0,923.0,108.0,427.0,273.0,504.0,881.0,335.0,686.0,699.0,346.0,516.0,860.0,394.0,0.0,543.0,204.0,639.0,821.0,971.0,309.0,434.0,192.0,442.0,246.0,724.0,258.0,753.0,546.0,218.0,123.0,199.0,186.0,364.0,461.0,986.0,71.0
473.0,395.0,164.0,916.0,615.0,285.0,430.0,601.0,542.0,691.0,663.0,713.0,98.0,985.0,275.0,524.0,556.0,202.0,159.0,750.0,751.0,144.0,130.0,439.0,953.0,55.0,188.0,217.0,761.0,287.0,492.0,618.0,257.0,910.0,766.0,75.0,703.0,324.0,545.0,293.0,426.0,32.0,440.0,306.0,93.0,1.0,304.0,376.0,501.0,734.0,530.0,961.0,445.0,244.0,595.0,907.0,48.0,631.0,551.0,986.0,180.0,391.0,802.0,964.0,220.0,762.0,721.0,649.0,278.0,706.0,895.0,676.0,386.0,483.0,511.0,990.0,952.0,886.0,294.0,917.0,78.0,235.0,608.0,672.0,578.0,641.0,397.0,441.0,465.0,246.0,936.0,272.0,494.0,509.0,720.0,602.0,250.0,894.0,472.0,5751.0
499.0,685.0,477.0,870.0,18.0,857.0,122.0,157.0,844.0,428.0,402.0,287.0,732.0,676.0,824.0,513.0,96.0,945.0,53.0,843.0,913.0,767.0,544.0,396.0,842.0,352.0,131.0,966.0,540.0,717.0,575.0,216.0,100.0,2.0,661.0,144.0,265.0,568.0,637.0,956.0,159.0,482.0,706.0,132.0,585.0,178.0,756.0,958.0,658.0,713.0,806.0,33.0,3.0,71.0,97.0,919.0,412.0,510.0,418.0,813.0,502.0,621.0,267.0,346.0,42.0,296.0,700.0,291.0,138.0,335.0,632.0,512.0,858.0,450.0,208.0,383.0,815.0,505.0,707.0,201.0,434.0,611.0,537.0,986.0,783.0,867.0,874.0,59.0,549.0,583.0,4.0,453.0,703.0,286.0,509.0,896.0,800.0,281.0,275.0,6801.0
885.0,782.0,566.0,854.0,878.0,143.0,506.0,619.0,351.0,213.0,114.0,811.0,780.0,13.0,262.0,419.0,997.0,900.0,208.0,36.0,206.0,283.0,238.0,680.0,169.0,218.0,676.0,304.0,712.0,500.0,605.0,418.0,771.0,607.0,746.0,101.0,869.0,576.0,556.0,856.0,128.0,858.0,225.0,926.0,46.0,671.0,495.0,291.0,245.0,300.0,529.0,621.0,76.0,602.0,695.0,241.0,468.0,587.0,352.0,667.0,617.0,571.0,986.0,702.0,5.0,961.0,296.0,426.0,616.0,754.0,280.0,409.0,767.0,261.0,907.0,332.0,736.0,755.0,85.0,519.0,615.0,119.0,855.0,416.0,84.0,64.0,148.0,942.0,247.0,561.0,526.0,203.0,413.0,497.0,897.0,740.0,107.0,86.0,183.0,4731.0
737.0,6.0,825.0,291.0,343.0,623.0,651.0,963.0,753.0,182.0,41.0,957.0,741.0,752.0,564.0,137.0,84.0,335.0,166.0,329.0,269.0,23.0,120.0,305.0,589.0,587.0,472.0,262.0,754.0,430.0,548.0,482.0,662.0,17.0,202.0,52.0,377.0,566.0,789.0,179.0,586.0,421.0,866.0,21.0,990.0,545.0,889.0,260.0,508.0,967.0,977.0,767.0,898.0,903.0,629.0,899.0,655.0,920.0,381.0,511.0,513.0,500.0,943.0,357.0,334.0,972.0,75.0,533.0,778.0,526.0,612.0,558.0,242.0,239.0,257.0,253.0,712.0,286.0,584.0,324.0,68.0,161.0,900.0,668.0,248.0,385.0,164.0,64.0,565.0,345.0,732.0,962.0,56.0,516.0,641.0,960.0,859.0,601.0,765.0,2701.0
56.0,153.0,51.0,531.0,778.0,968.0,808.0,805.0,174.0,258.0,239.0,256.0,806.0,674.0,573.0,250.0,91.0,894.0,628.0,779.0,705.0,315.0,350.0,569.0,175.0,848.0,130.0,257.0,738.0,207.0,609.0,798.0,199.0,171.0,873.0,485.0,704.0,18.0,439.0,190.0,581.0,833.0,901.0,150.0,272.0,507.0,296.0,100.0,503.0,650.0,268.0,421.0,374.0,807.0,167.0,312.0,583.0,498.0,5.0,946.0,90.0,234.0,251.0,235.0,852.0,900.0,932.0,241.0,890.0,906.0,343.0,198.0,577.0,266.0,465.0,317.0,334.0,109.0,654.0,586.0,206.0,364.0,94.0,759.0,78.0,267.0,540.0,382.0,163.0,452.0,754.0,681.0,673.0,887.0,857.0,408.0,397.0,477.0,860.0,5871.0
798.0,545.0,614.0,97.0,424.0,516.0,25.0,192.0,406.0,247.0,622.0,287.0,326.0,384.0,843.0,404.0,806.0,62.0,938.0,523.0,557.0,881.0,970.0,596.0,803.0,781.0,981.0,72.0,78.0,348.0,752.0,41.0,127.0,876.0,374.0,484.0,43.0,309.0,941.0,149.0,864.0,318.0,713.0,848.0,515.0,327.0,965.0,27.0,290.0,298.0,474.0,186.0,329.0,176.0,739.0,53.0,254.0,449.0,555.0,540.0,179.0,122.0,236.0,319.0,227.0,180.0,2.0,610.0,22.0,735.0,549.0,341.0,286.0,820.0,659.0,138.0,605.0,720.0,52.0,556.0,308.0,793.0,641.0,893.0,688.0,963.0,467.0,715.0,918.0,753.0,418.0,531.0,976.0,802.0,118.0,756.0,922.0,809.0,391.0,5941.0
275.0,498.0,312.0,226.0,748.0,837.0,181.0,612.0,261.0,474.0,168.0,26.0,7.0,81.0,935.0,805.0,531.0,455.0,110.0,248.0,840.0,818.0,57.0,219.0,385.0,154.0,211.0,232.0,924.0,400.0,134.0,715.0,97.0,88.0,93.0,464.0,986.0,459.0,586.0,619.0,828.0,49.0,654.0,788.0,539.0,392.0,783.0,19.0,599.0,111.0,54.0,114.0,671.0,549.0,774.0,635.0,562.0,866.0,179.0,333.0,225.0,827.0,536.0,831.0,471.0,795.0,409.0,83.0,953.0,701.0,974.0,578.0,792.0,435.0,605.0,461.0,867.0,304.0,90.0,541.0,753.0,960.0,773.0,660.0,794.0,252.0,976.0,164.0,862.0,948.0,303.0,150.0,593.0,432.0,196.0,458.0,322.0,807.0,566.0,8141.0
20.0,832.0,645.0,575.0,636.0,247.0,8.0,547.0,115.0,161.0,527.0,182.0,940.0,364.0,480.0,768.0,164.0,723.0,991.0,726.0,148.0,784.0,208.0,46.0,84.0,744.0,336.0,756.0,774.0,602.0,359.0,94.0,210.0,664.0,62.0,398.0,171.0,365.0,377.0,678.0,514.0,401.0,317.0,28.0,54.0,468.0,952.0,929.0,936.0,718.0,540.0,863.0,285.0,669.0,815.0,330.0,413.0,583.0,109.0,432.0,6.0,146.0,951.0,144.0,304.0,900.0,324.0,959.0,578.0,690.0,735.0,257.0,819.0,264.0,83.0,73.0,420.0,476.0,695.0,305.0,542.0,624.0,122.0,855.0,463.0,492.0,259.0,953.0,720.0,617.0,441.0,507.0,752.0,157.0,242.0,554.0,787.0,935.0,842.0,8341.0
67.0,825.0,626.0,748.0,58.0,389.0,630.0,196.0,135.0,15.0,271.0,169.0,111.0,207.0,491.0,434.0,861.0,0.0,68.0,864.0,52.0,739.0,493.0,55.0,676.0,140.0,789.0,439.0,889.0,88.0,29.0,701.0,507.0,517.0,516.0,64.0,506.0,242.0,98.0,177.0,921.0,814.0,769.0,605.0,264.0,14.0,966.0,324.0,844.0,815.0,537.0,325.0,194.0,137.0,394.0,935.0,841.0,886.0,75.0,627.0,246.0,553.0,243.0,126.0,737.0,813.0,498.0,245.0,485.0,784.0,115.0,528.0,112.0,829.0,360.0,376.0,461.0,431.0,167.0,241.0,637.0,621.0,580.0,539.0,201.0,986.0,76.0,237.0,300.0,413.0,91.0,895.0,527.0,480.0,999.0,129.0,788.0,709.0,128.0,7461.0
892.0,433.0,607.0,136.0,469.0,937.0,871.0,34.0,887.0,714.0,203.0,212.0,421.0,940.0,130.0,868.0,104.0,763.0,913.0,636.0,819.0,360.0,319.0,696.0,921.0,870.0,574.0,723.0,634.0,249.0,981.0,567.0,893.0,840.0,5.0,698.0,728.0,25.0,295.0,327.0,152.0,685.0,862.0,385.0,119.0,118.0,573.0,67.0,291.0,88.0,415.0,797.0,936.0,376.0,663.0,397.0,514.0,480.0,215.0,902.0,875.0,333.0,754.0,816.0,176.0,650.0,250.0,481.0,313.0,866.0,36.0,881.0,706.0,620.0,545.0,156.0,809.0,757.0,232.0,285.0,803.0,571.0,263.0,898.0,861.0,666.0,471.0,719.0,314.0,833.0,472.0,540.0,252.0,435.0,766.0,974.0,332.0,929.0,239.0,5901.0
325.0,749.0,598.0,106.0,6.0,314.0,29.0,232.0,188.0,863.0,26.0,76.0,674.0,240.0,20.0,430.0,706.0,784.0,563.0,351.0,537.0,939.0,141.0,193.0,65.0,617.0,483.0,715.0,71.0,754.0,517.0,73.0,832.0,252.0,692.0,770.0,92.0,521.0,944.0,352.0,500.0,777.0,116.0,235.0,733.0,836.0,985.0,861.0,785.0,415.0,969.0,931.0,993.0,55.0,876.0,775.0,164.0,477.0,220.0,846.0,683.0,973.0,842.0,847.0,616.0,320.0,196.0,640.0,495.0,194.0,815.0,841.0,575.0,462.0,127.0,923.0,606.0,479.0,113.0,566.0,62.0,868.0,783.0,93.0,796.0,104.0,546.0,451.0,710.0,582.0,450.0,226.0,246.0,448.0,312.0,151.0,353.0,185.0,27.0,471.0
2.0,411.0,401.0,106.0,230.0,477.0,556.0,50.0,333.0,915.0,88.0,30.0,208.0,243.0,456.0,65.0,599.0,627.0,74.0,462.0,964.0,849.0,925.0,52.0,898.0,386.0,364.0,465.0,545.0,528.0,808.0,428.0,447.0,966.0,200.0,806.0,148.0,861.0,450.0,73.0,501.0,190.0,994.0,687.0,513.0,107.0,429.0,736.0,295.0,292.0,555.0,762.0,318.0,873.0,495.0,563.0,479.0,29.0,40.0,657.0,968.0,685.0,635.0,125.0,959.0,145.0,907.0,722.0,570.0,695.0,940.0,427.0,757.0,348.0,175.0,123.0,875.0,186.0,700.0,607.0,869.0,431.0,340.0,250.0,304.0,759.0,337.0,25.0,711.0,393.0,750.0,55.0,355.0,156.0,953.0,942.0,851.0,540.0,655.0,8001.0
373.0,595.0,749.0,482.0,865.0,606.0,520.0,530.0,326.0,504.0,811.0,604.0,94.0,562.0,981.0,424.0,800.0,790.0,597.0,252.0,286.0,919.0,43.0,619.0,861.0,270.0,677.0,972.0,646.0,267.0,434.0,925.0,779.0,910.0,625.0,142.0,612.0,970.0,579.0,2.0,742.0,929.0,336.0,293.0,32.0,681.0,831.0,637.0,55.0,72.0,264.0,131.0,941.0,317.0,922.0,210.0,402.0,362.0,473.0,153.0,166.0,930.0,120.0,58.0,953.0,179.0,795.0,851.0,880.0,45.0,757.0,291.0,175.0,146.0,996.0,456.0,799.0,671.0,462.0,214.0,98.0,551.0,628.0,891.0,328.0,649.0,680.0,879.0,325.0,186.0,230.0,125.0,477.0,739.0,642.0,228.0,428.0,483.0,985.0,5701.0
760.0,896.0,323.0,155.0,316.0,287.0,538.0,412.0,115.0,649.0,791.0,871.0,179.0,570.0,632.0,38.0,473.0,134.0,263.0,724.0,209.0,725.0,87.0,595.0,975.0,771.0,778.0,602.0,270.0,932.0,483.0,313.0,495.0,326.0,785.0,611.0,101.0,34.0,904.0,658.0,384.0,580.0,917.0,40.0,29.0,557.0,841.0,613.0,325.0,407.0,544.0,955.0,89.0,371.0,42.0,726.0,41.0,870.0,171.0,548.0,451.0,1.0,673.0,381.0,738.0,191.0,63.0,207.0,257.0,882.0,920.0,797.0,704.0,639.0,979.0,58.0,480.0,577.0,892.0,48.0,83.0,966.0,443.0,39.0,803.0,243.0,452.0,846.0,345.0,842.0,337.0,104.0,923.0,157.0,8.0,669.0,510.0,787.0,315.0,4891.0
146.0,704.0,393.0,622.0,82.0,190.0,21.0,551.0,439.0,280.0,916.0,476.0,114.0,806.0,908.0,903.0,513.0,208.0,836.0,862.0,613.0,643.0,113.0,649.0,492.0,608.0,892.0,404.0,503.0,179.0,342.0,293.0,181.0,188.0,654.0,116.0,936.0,422.0,928.0,665.0,498.0,66.0,706.0,377.0,957.0,741.0,696.0,642.0,248.0,958.0,954.0,475.0,821.0,872.0,311.0,205.0,359.0,924.0,563.0,815.0,6.0,756.0,385.0,961.0,748.0,460.0,165.0,178.0,249.0,981.0,846.0,406.0,640.0,71.0,117.0,825.0,339.0,107.0,840.0,939.0,740.0,276.0,762.0,310.0,67.0,242.0,547.0,757.0,480.0,196.0,633.0,597.0,272.0,256.0,652.0,212.0,989.0,284.0,611.0,4101.0
377.0,444.0,730.0,460.0,275.0,468.0,602.0,848.0,622.0,33.0,142.0,699.0,911.0,345.0,211.0,187.0,320.0,112.0,560.0,224.0,151.0,827.0,685.0,877.0,393.0,702.0,188.0,939.0,61.0,703.0,528.0,335.0,864.0,689.0,806.0,341.0,14.0,893.0,903.0,628.0,403.0,660.0,607.0,108.0,692.0,860.0,694.0,630.0,523.0,463.0,261.0,67.0,57.0,667.0,526.0,230.0,452.0,426.0,577.0,867.0,422.0,35.0,635.0,207.0,820.0,882.0,292.0,146.0,239.0,175.0,326.0,732.0,474.0,49.0,644.0,832.0,962.0,333.0,43.0,299.0,757.0,295.0,668.0,344.0,905.0,406.0,632.0,143.0,412.0,736.0,466.0,363.0,276.0,392.0,332.0,259.0,19.0,762.0,226.0,6761.0
103.0,293.0,38.0,983.0,883.0,504.0,930.0,306.0,568.0,333.0,26.0,258.0,346.0,20.0,101.0,414.0,802.0,493.0,139.0,29.0,299.0,408.0,792.0,757.0,423.0,210.0,271.0,861.0,336.0,967.0,416.0,638.0,620.0,172.0,96.0,503.0,369.0,196.0,74.0,287.0,677.0,215.0,928.0,977.0,681.0,459.0,685.0,226.0,18.0,208.0,690.0,694.0,383.0,227.0,389.0,969.0,726.0,512.0,224.0,821.0,895.0,434.0,179.0,713.0,693.0,725.0,633.0,91.0,480.0,906.0,418.0,544.0,79.0,462.0,501.0,366.0,397.0,763.0,184.0,826.0,19.0,740.0,407.0,580.0,600.0,610.0,348.0,141.0,885.0,393.0,569.0,48.0,743.0,888.0,660.0,940.0,419.0,547.0,759.0,8731.0
311.0,542.0,224.0,552.0,334.0,935.0,685.0,721.0,123.0,318.0,131.0,381.0,766.0,866.0,484.0,632.0,268.0,22.0,890.0,467.0,912.0,177.0,134.0,889.0,461.0,532.0,799.0,464.0,825.0,594.0,107.0,683.0,342.0,101.0,509.0,36.0,974.0,916.0,790.0,271.0,898.0,356.0,284.0,999.0,336.0,841.0,695.0,637.0,813.0,971.0,536.0,218.0,238.0,531.0,726.0,239.0,844.0,970.0,877.0,891.0,850.0,557.0,733.0,433.0,200.0,784.0,278.0,838.0,77.0,37.0,221.0,203.0,382.0,191.0,140.0,237.0,973.0,927.0,818.0,661.0,106.0,50.0,87.0,81.0,252.0,860.0,513.0,170.0,442.0,98.0,728.0,183.0,903.0,75.0,914.0,764.0,226.0,99.0,355.0,9421.0
655.0,728.0,850.0,307.0,687.0,911.0,944.0,35.0,554.0,564.0,40.0,621.0,770.0,795.0,590.0,416.0,828.0,169.0,642.0,180.0,628.0,326.0,154.0,171.0,174.0,607.0,571.0,308.0,253.0,132.0,114.0,226.0,540.0,190.0,686.0,761.0,883.0,386.0,400.0,99.0,670.0,424.0,894.0,14.0,501.0,690.0,966.0,284.0,632.0,414.0,319.0,576.0,92.0,359.0,235.0,220.0,380.0,444.0,631.0,577.0,379.0,418.0,38.0,141.0,936.0,254.0,262.0,563.0,318.0,613.0,442.0,677.0,221.0,674.0,313.0,462.0,363.0,124.0,184.0,967.0,874.0,547.0,161.0,866.0,496.0,112.0,205.0,786.0,289.0,643.0,996.0,358.0,297.0,990.0,21.0,756.0,807.0,826.0,47.0,7501.0
897.0,665.0,551.0,710.0,268.0,235.0,271.0,824.0,456.0,449.0,757.0,804.0,276.0,696.0,50.0,228.0,637.0,617.0,781.0,103.0,193.0,178.0,783.0,598.0,288.0,120.0,172.0,13.0,544.0,501.0,758.0,650.0,204.0,761.0,312.0,35.0,856.0,940.0,591.0,886.0,370.0,361.0,899.0,171.0,547.0,84.0,94.0,339.0,700.0,759.0,798.0,266.0,907.0,278.0,124.0,399.0,812.0,102.0,799.0,891.0,188.0,831.0,874.0,527.0,869.0,301.0,241.0,104.0,331.0,840.0,939.0,644.0,703.0,422.0,159.0,980.0,901.0,324.0,488.0,896.0,952.0,931.0,776.0,763.0,152.0,366.0,766.0,833.0,537.0,491.0,628.0,956.0,713.0,865.0,655.0,805.0,89.0,300.0,249.0,5131.0
398.0,721.0,0.0,205.0,693.0,560.0,206.0,371.0,347.0,902.0,153.0,282.0,674.0,913.0,463.0,735.0,685.0,52.0,311.0,120.0,452.0,778.0,790.0,96.0,432.0,293.0,555.0,535.0,571.0,542.0,146.0,300.0,469.0,788.0,500.0,937.0,611.0,801.0,456.0,323.0,364.0,1.0,744.0,919.0,85.0,308.0,755.0,60.0,564.0,554.0,182.0,399.0,488.0,927.0,103.0,765.0,75.0,866.0,331.0,171.0,981.0,844.0,807.0,9.0,231.0,497.0,897.0,28.0,546.0,238.0,493.0,30.0,438.0,722.0,539.0,183.0,303.0,548.0,511.0,38.0,591.0,373.0,576.0,978.0,909.0,261.0,732.0,63.0,372.0,107.0,442.0,492.0,317.0,521.0,262.0,589.0,255.0,360.0,577.0,6701.0
982.0,24.0,206.0,133.0,975.0,694.0,289.0,404.0,256.0,768.0,328.0,612.0,200.0,465.0,174.0,680.0,430.0,785.0,419.0,76.0,280.0,823.0,945.0,856.0,577.0,705.0,866.0,356.0,102.0,974.0,433.0,445.0,920.0,195.0,969.0,351.0,274.0,185.0,394.0,31.0,765.0,63.0,882.0,384.0,451.0,602.0,495.0,107.0,144.0,836.0,579.0,379.0,938.0,744.0,268.0,918.0,555.0,474.0,172.0,222.0,527.0,986.0,652.0,10.0,15.0,481.0,183.0,925.0,902.0,904.0,208.0,355.0,621.0,840.0,193.0,521.0,759.0,125.0,236.0,649.0,575.0,752.0,383.0,318.0,69.0,143.0,508.0,114.0,504.0,437.0,100.0,528.0,533.0,204.0,160.0,730.0,898.0,335.0,175.0,9791.0
538.0,549.0,731.0,671.0,712.0,749.0,168.0,832.0,2.0,404.0,89.0,960.0,266.0,777.0,732.0,131.0,154.0,255.0,328.0,623.0,890.0,991.0,156.0,192.0,790.0,425.0,169.0,834.0,651.0,399.0,909.0,995.0,427.0,248.0,571.0,213.0,556.0,896.0,242.0,65.0,370.0,653.0,152.0,444.0,508.0,429.0,468.0,256.0,146.0,536.0,118.0,881.0,280.0,919.0,689.0,831.0,439.0,963.0,305.0,372.0,300.0,938.0,67.0,477.0,624.0,975.0,602.0,417.0,362.0,799.0,374.0,783.0,933.0,706.0,672.0,97.0,929.0,344.0,202.0,867.0,862.0,585.0,688.0,561.0,461.0,630.0,31.0,945.0,967.0,886.0,347.0,278.0,163.0,727.0,406.0,431.0,703.0,218.0,8.0,2211.0
312.0,780.0,343.0,750.0,203.0,717.0,22.0,284.0,407.0,922.0,6.0,672.0,540.0,921.0,593.0,761.0,644.0,268.0,639.0,326.0,418.0,388.0,43.0,757.0,487.0,918.0,481.0,200.0,826.0,161.0,732.0,621.0,289.0,854.0,106.0,677.0,132.0,218.0,30.0,501.0,92.0,500.0,377.0,571.0,149.0,453.0,325.0,285.0,83.0,756.0,93.0,578.0,44.0,120.0,565.0,607.0,769.0,172.0,958.0,666.0,601.0,608.0,941.0,833.0,743.0,747.0,592.0,583.0,430.0,471.0,650.0,275.0,189.0,323.0,773.0,511.0,873.0,704.0,518.0,567.0,852.0,845.0,793.0,857.0,711.0,494.0,548.0,307.0,355.0,792.0,115.0,122.0,573.0,197.0,906.0,331.0,73.0,204.0,373.0,571.0
195.0,863.0,74.0,565.0,50.0,269.0,228.0,193.0,487.0,745.0,940.0,736.0,463.0,603.0,392.0,132.0,927.0,929.0,313.0,864.0,71.0,243.0,985.0,826.0,344.0,772.0,100.0,255.0,533.0,645.0,141.0,701.0,501.0,601.0,86.0,244.0,345.0,499.0,799.0,665.0,367.0,515.0,737.0,217.0,125.0,647.0,543.0,351.0,898.0,538.0,215.0,733.0,416.0,604.0,458.0,716.0,767.0,554.0,397.0,192.0,542.0,51.0,396.0,354.0,609.0,572.0,357.0,618.0,803.0,950.0,409.0,402.0,491.0,308.0,271.0,363.0,508.0,162.0,740.0,452.0,76.0,177.0,369.0,504.0,324.0,724.0,275.0,629.0,252.0,607.0,309.0,362.0,364.0,288.0,990.0,99.0,883.0,780.0,207.0,8401.0
174.0,688.0,607.0,621.0,682.0,725.0,514.0,581.0,775.0,758.0,369.0,954.0,327.0,351.0,432.0,397.0,218.0,502.0,489.0,485.0,652.0,496.0,201.0,853.0,317.0,677.0,186.0,983.0,388.0,748.0,438.0,720.0,394.0,676.0,889.0,561.0,163.0,651.0,730.0,84.0,562.0,601.0,25.0,113.0,450.0,404.0,771.0,956.0,104.0,27.0,803.0,361.0,881.0,460.0,434.0,305.0,798.0,919.0,309.0,108.0,145.0,997.0,851.0,712.0,906.0,936.0,802.0,436.0,323.0,21.0,143.0,11.0,9.0,593.0,943.0,693.0,659.0,546.0,498.0,204.0,794.0,684.0,288.0,902.0,577.0,283.0,378.0,627.0,914.0,880.0,776.0,335.0,724.0,532.0,657.0,141.0,592.0,181.0,295.0,3961.0
642.0,582.0,729.0,906.0,318.0,371.0,572.0,487.0,971.0,243.0,932.0,576.0,113.0,616.0,224.0,414.0,647.0,849.0,513.0,337.0,882.0,547.0,230.0,776.0,447.0,928.0,404.0,517.0,430.0,171.0,527.0,100.0,365.0,720.0,878.0,426.0,712.0,133.0,593.0,126.0,415.0,270.0,268.0,542.0,698.0,73.0,490.0,257.0,427.0,222.0,37.0,92.0,221.0,64.0,961.0,696.0,531.0,394.0,605.0,411.0,591.0,330.0,154.0,907.0,865.0,594.0,929.0,558.0,9.0,319.0,533.0,863.0,717.0,402.0,207.0,627.0,885.0,117.0,455.0,344.0,608.0,996.0,545.0,151.0,539.0,939.0,586.0,653.0,617.0,495.0,643.0,116.0,869.0,184.0,772.0,340.0,562.0,256.0,525.0,2321.0
54.0,352.0,428.0,626.0,178.0,22.0,46.0,598.0,493.0,45.0,145.0,113.0,894.0,119.0,502.0,125.0,324.0,448.0,707.0,440.0,153.0,235.0,867.0,524.0,932.0,605.0,824.0,50.0,965.0,922.0,390.0,857.0,102.0,126.0,266.0,823.0,97.0,216.0,896.0,625.0,519.0,393.0,479.0,32.0,278.0,952.0,552.0,711.0,892.0,47.0,474.0,503.0,401.0,473.0,542.0,815.0,717.0,776.0,115.0,439.0,925.0,482.0,526.0,447.0,679.0,351.0,730.0,17.0,961.0,104.0,923.0,20.0,838.0,299.0,924.0,970.0,879.0,44.0,150.0,65.0,410.0,19.0,316.0,269.0,365.0,831.0,320.0,169.0,720.0,298.0,438.0,938.0,161.0,774.0,27.0,388.0,653.0,963.0,490.0,9011.0
505.0,661.0,766.0,239.0,950.0,360.0,82.0,437.0,909.0,210.0,337.0,272.0,200.0,432.0,571.0,561.0,393.0,948.0,282.0,722.0,623.0,362.0,72.0,194.0,129.0,943.0,556.0,364.0,504.0,322.0,811.0,921.0,45.0,331.0,604.0,515.0,318.0,781.0,641.0,398.0,305.0,73.0,313.0,40.0,597.0,347.0,147.0,759.0,380.0,255.0,974.0,647.0,420.0,919.0,716.0,61.0,525.0,634.0,192.0,911.0,370.0,162.0,618.0,97.0,37.0,958.0,488.0,288.0,753.0,287.0,176.0,118.0,5.0,702.0,394.0,756.0,399.0,915.0,258.0,961.0,798.0,878.0,583.0,134.0,357.0,801.0,406.0,555.0,23.0,81.0,405.0,933.0,537.0,375.0,54.0,617.0,660.0,172.0,979.0,8621.0
835.0,922.0,664.0,153.0,494.0,875.0,662.0,583.0,173.0,58.0,716.0,676.0,130.0,704.0,908.0,2.0,65.0,971.0,22.0,481.0,993.0,14.0,224.0,259.0,936.0,780.0,760.0,284.0,348.0,767.0,536.0,512.0,308.0,434.0,201.0,764.0,328.0,951.0,204.0,449.0,157.0,97.0,825.0,235.0,623.0,934.0,254.0,628.0,175.0,753.0,443.0,915.0,924.0,214.0,402.0,257.0,593.0,36.0,93.0,98.0,365.0,738.0,887.0,923.0,858.0,126.0,47.0,135.0,930.0,893.0,801.0,961.0,285.0,356.0,552.0,368.0,162.0,91.0,166.0,86.0,868.0,455.0,752.0,458.0,469.0,613.0,975.0,869.0,649.0,604.0,857.0,252.0,205.0,152.0,263.0,941.0,437.0,346.0,154.0,5421.0
444.0,425.0,945.0,848.0,821.0,6.0,78.0,825.0,332.0,772.0,719.0,105.0,710.0,148.0,546.0,46.0,572.0,160.0,342.0,771.0,225.0,370.0,810.0,914.0,584.0,903.0,748.0,480.0,768.0,803.0,849.0,693.0,267.0,822.0,419.0,420.0,468.0,250.0,57.0,124.0,162.0,638.0,407.0,380.0,428.0,641.0,168.0,932.0,644.0,28.0,455.0,3.0,586.0,486.0,725.0,280.0,237.0,118.0,918.0,582.0,241.0,488.0,717.0,482.0,171.0,291.0,30.0,859.0,589.0,327.0,872.0,352.0,72.0,125.0,893.0,573.0,776.0,677.0,73.0,61.0,367.0,574.0,278.0,570.0,737.0,303.0,417.0,154.0,722.0,121.0,141.0,987.0,156.0,76.0,761.0,847.0,919.0,950.0,960.0,411.0
640.0,860.0,925.0,498.0,421.0,964.0,902.0,689.0,626.0,944.0,343.0,550.0,614.0,242.0,369.0,364.0,393.0,451.0,311.0,995.0,900.0,969.0,718.0,61.0,784.0,825.0,695.0,469.0,282.0,879.0,759.0,134.0,169.0,365.0,890.0,858.0,519.0,511.0,261.0,59.0,402.0,521.0,772.0,492.0,206.0,412.0,400.0,100.0,53.0,55.0,25.0,921.0,703.0,728.0,809.0,655.0,396.0,932.0,849.0,854.0,819.0,960.0,101.0,782.0,560.0,467.0,113.0,604.0,97.0,308.0,839.0,477.0,139.0,516.0,671.0,362.0,510.0,349.0,670.0,272.0,69.0,555.0,594.0,410.0,378.0,428.0,258.0,186.0,116.0,489.0,710.0,285.0,657.0,660.0,64.0,953.0,838.0,892.0,368.0,9391.0
186.0,671.0,218.0,775.0,470.0,908.0,924.0,91.0,292.0,963.0,389.0,24.0,474.0,795.0,925.0,379.0,44.0,487.0,790.0,244.0,746.0,459.0,861.0,106.0,72.0,952.0,298.0,84.0,661.0,473.0,75.0,655.0,410.0,332.0,156.0,286.0,214.0,541.0,659.0,304.0,840.0,953.0,682.0,100.0,679.0,898.0,28.0,194.0,546.0,810.0,172.0,475.0,39.0,181.0,133.0,852.0,764.0,137.0,431.0,433.0,917.0,613.0,594.0,265.0,944.0,329.0,980.0,819.0,663.0,665.0,720.0,54.0,115.0,177.0,789.0,405.0,703.0,571.0,779.0,662.0,604.0,816.0,201.0,949.0,701.0,151.0,354.0,839.0,562.0,174.0,602.0,770.0,99.0,708.0,226.0,721.0,16.0,733.0,892.0,7871.0
490.0,286.0,528.0,206.0,569.0,839.0,136.0,141.0,695.0,578.0,443.0,887.0,725.0,642.0,557.0,318.0,482.0,419.0,970.0,42.0,158.0,604.0,149.0,837.0,570.0,125.0,77.0,105.0,82.0,783.0,977.0,349.0,664.0,886.0,294.0,460.0,680.0,987.0,573.0,230.0,556.0,251.0,568.0,84.0,703.0,802.0,624.0,525.0,458.0,937.0,102.0,277.0,450.0,260.0,399.0,470.0,572.0,58.0,327.0,765.0,43.0,646.0,943.0,516.0,379.0,661.0,469.0,222.0,897.0,134.0,863.0,68.0,483.0,856.0,978.0,499.0,398.0,688.0,411.0,308.0,36.0,925.0,235.0,16.0,549.0,853.0,605.0,243.0,462.0,225.0,724.0,198.0,914.0,442.0,686.0,475.0,506.0,860.0,207.0,5611.0
107.0,369.0,781.0,896.0,170.0,411.0,316.0,602.0,973.0,289.0,808.0,484.0,402.0,876.0,100.0,879.0,993.0,893.0,229.0,275.0,104.0,634.0,706.0,542.0,562.0,227.0,458.0,883.0,78.0,727.0,371.0,998.0,310.0,871.0,527.0,246.0,325.0,937.0,86.0,240.0,385.0,531.0,945.0,144.0,47.0,785.0,288.0,947.0,143.0,467.0,621.0,971.0,171.0,332.0,920.0,904.0,881.0,877.0,764.0,925.0,508.0,777.0,382.0,703.0,754.0,676.0,122.0,158.0,93.0,449.0,277.0,821.0,696.0,348.0,216.0,244.0,909.0,519.0,226.0,743.0,575.0,629.0,249.0,769.0,651.0,789.0,437.0,44.0,930.0,978.0,146.0,218.0,536.0,163.0,393.0,886.0,534.0,166.0,196.0,4851.0
269.0,306.0,821.0,72.0,626.0,879.0,80.0,307.0,639.0,795.0,98.0,12.0,393.0,771.0,250.0,927.0,818.0,247.0,65.0,495.0,527.0,88.0,284.0,428.0,0.0,862.0,941.0,616.0,461.0,219.0,867.0,745.0,853.0,598.0,351.0,481.0,948.0,778.0,18.0,312.0,381.0,96.0,806.0,433.0,53.0,671.0,231.0,394.0,816.0,664.0,165.0,211.0,856.0,293.0,756.0,949.0,936.0,285.0,378.0,962.0,938.0,472.0,863.0,738.0,333.0,836.0,564.0,898.0,137.0,383.0,642.0,683.0,670.0,826.0,328.0,239.0,712.0,256.0,446.0,990.0,218.0,828.0,995.0,739.0,802.0,459.0,815.0,533.0,989.0,103.0,470.0,490.0,930.0,958.0,579.0,983.0,935.0,998.0,688.0,3261.0
169.0,934.0,798.0,371.0,532.0,977.0,330.0,134.0,714.0,397.0,253.0,297.0,33.0,652.0,805.0,865.0,115.0,94.0,663.0,749.0,709.0,307.0,25.0,310.0,908.0,110.0,907.0,754.0,884.0,557.0,877.0,412.0,797.0,69.0,336.0,343.0,208.0,164.0,112.0,104.0,494.0,939.0,4.0,736.0,672.0,316.0,639.0,602.0,302.0,575.0,20.0,808.0,389.0,427.0,342.0,679.0,987.0,966.0,470.0,727.0,654.0,314.0,146.0,601.0,349.0,978.0,905.0,585.0,776.0,19.0,826.0,725.0,472.0,400.0,780.0,232.0,5.0,535.0,144.0,49.0,65.0,498.0,773.0,311.0,518.0,48.0,576.0,683.0,241.0,658.0,813.0,695.0,619.0,840.0,967.0,921.0,975.0,7.0,213.0,1931.0
457.0,336.0,355.0,148.0,96.0,964.0,577.0,151.0,382.0,479.0,982.0,928.0,309.0,531.0,713.0,873.0,48.0,27.0,84.0,350.0,861.0,410.0,998.0,483.0,67.0,548.0,670.0,72.0,327.0,765.0,649.0,485.0,91.0,442.0,929.0,818.0,871.0,323.0,729.0,55.0,282.0,703.0,145.0,463.0,747.0,795.0,754.0,850.0,764.0,166.0,803.0,962.0,222.0,953.0,122.0,513.0,430.0,475.0,264.0,822.0,126.0,897.0,226.0,590.0,331.0,24.0,459.0,963.0,899.0,526.0,745.0,668.0,715.0,833.0,654.0,918.0,672.0,941.0,593.0,785.0,104.0,73.0,465.0,546.0,252.0,759.0,392.0,743.0,387.0,172.0,564.0,699.0,481.0,734.0,521.0,237.0,808.0,188.0,362.0,6661.0
681.0,109.0,805.0,884.0,438.0,887.0,826.0,567.0,691.0,613.0,829.0,100.0,248.0,840.0,278.0,922.0,640.0,633.0,844.0,855.0,246.0,168.0,139.0,700.0,963.0,59.0,86.0,684.0,709.0,637.0,170.0,335.0,878.0,503.0,426.0,164.0,192.0,786.0,479.0,259.0,553.0,147.0,101.0,47.0,566.0,399.0,668.0,2.0,537.0,477.0,834.0,679.0,515.0,188.0,600.0,708.0,494.0,654.0,402.0,357.0,784.0,458.0,112.0,42.0,927.0,832.0,947.0,308.0,269.0,46.0,12.0,232.0,136.0,315.0,127.0,545.0,595.0,393.0,216.0,932.0,798.0,406.0,272.0,19.0,925.0,717.0,106.0,665.0,142.0,501.0,707.0,739.0,454.0,659.0,792.0,877.0,376.0,661.0,400.0,6511.0
656.0,234.0,235.0,684.0,708.0,990.0,477.0,664.0,636.0,969.0,918.0,957.0,671.0,45.0,512.0,676.0,878.0,532.0,521.0,832.0,879.0,597.0,8.0,737.0,371.0,400.0,533.0,341.0,121.0,627.0,359.0,33.0,460.0,576.0,207.0,432.0,187.0,69.0,224.0,850.0,851.0,115.0,877.0,395.0,743.0,648.0,284.0,914.0,509.0,280.0,971.0,513.0,739.0,420.0,498.0,534.0,762.0,439.0,94.0,21.0,18.0,468.0,626.0,722.0,770.0,624.0,398.0,984.0,886.0,327.0,977.0,976.0,934.0,452.0,470.0,64.0,557.0,336.0,578.0,16.0,893.0,562.0,356.0,949.0,649.0,11.0,72.0,818.0,702.0,434.0,575.0,226.0,265.0,89.0,530.0,396.0,721.0,897.0,225.0,6451.0
558.0,663.0,913.0,287.0,923.0,293.0,311.0,953.0,900.0,277.0,451.0,610.0,384.0,133.0,985.0,737.0,696.0,380.0,361.0,517.0,756.0,402.0,981.0,654.0,155.0,899.0,480.0,606.0,818.0,18.0,967.0,738.0,816.0,100.0,750.0,335.0,381.0,124.0,83.0,869.0,345.0,393.0,549.0,355.0,757.0,461.0,650.0,232.0,42.0,825.0,578.0,585.0,557.0,545.0,529.0,206.0,978.0,789.0,395.0,119.0,994.0,691.0,507.0,884.0,347.0,258.0,911.0,219.0,694.0,788.0,150.0,745.0,309.0,854.0,167.0,934.0,631.0,399.0,52.0,5.0,348.0,718.0,275.0,941.0,265.0,194.0,442.0,553.0,72.0,744.0,246.0,647.0,859.0,326.0,392.0,329.0,881.0,838.0,793.0,7601.0
344.0,263.0,731.0,91.0,215.0,274.0,271.0,359.0,617.0,660.0,553.0,692.0,687.0,797.0,125.0,161.0,316.0,521.0,953.0,325.0,294.0,657.0,292.0,51.0,184.0,153.0,850.0,726.0,671.0,853.0,915.0,527.0,724.0,15.0,924.0,166.0,320.0,744.0,713.0,370.0,76.0,317.0,158.0,814.0,772.0,793.0,552.0,279.0,571.0,232.0,833.0,860.0,711.0,537.0,482.0,524.0,503.0,211.0,830.0,116.0,74.0,798.0,247.0,634.0,94.0,146.0,655.0,53.0,857.0,401.0,356.0,106.0,438.0,427.0,909.0,805.0,795.0,237.0,312.0,812.0,525.0,300.0,245.0,517.0,411.0,816.0,352.0,46.0,961.0,417.0,773.0,980.0,630.0,387.0,497.0,334.0,402.0,560.0,177.0,7771.0
283.0,102.0,159.0,973.0,158.0,755.0,9.0,132.0,85.0,559.0,396.0,906.0,532.0,62.0,694.0,734.0,211.0,134.0,861.0,888.0,870.0,696.0,616.0,197.0,727.0,865.0,259.0,862.0,647.0,506.0,971.0,419.0,333.0,196.0,852.0,60.0,843.0,189.0,553.0,816.0,143.0,424.0,372.0,463.0,529.0,272.0,183.0,946.0,82.0,280.0,848.0,13.0,146.0,428.0,812.0,188.0,487.0,890.0,923.0,993.0,845.0,997.0,761.0,627.0,366.0,4.0,907.0,692.0,307.0,278.0,73.0,483.0,192.0,886.0,854.0,690.0,265.0,839.0,933.0,671.0,319.0,999.0,502.0,10.0,480.0,364.0,649.0,337.0,124.0,791.0,625.0,737.0,802.0,765.0,24.0,982.0,512.0,191.0,297.0,5151.0
699.0,788.0,115.0,376.0,764.0,161.0,502.0,602.0,737.0,442.0,7.0,169.0,175.0,668.0,569.0,970.0,845.0,855.0,250.0,279.0,391.0,490.0,631.0,416.0,743.0,38.0,913.0,352.0,964.0,874.0,522.0,651.0,398.0,878.0,952.0,8.0,133.0,492.0,967.0,795.0,273.0,112.0,357.0,850.0,869.0,185.0,993.0,337.0,9.0,289.0,158.0,675.0,507.0,408.0,545.0,389.0,907.0,55.0,110.0,667.0,489.0,341.0,546.0,141.0,543.0,437.0,189.0,292.0,981.0,203.0,894.0,312.0,684.0,385.0,943.0,799.0,797.0,606.0,493.0,335.0,838.0,941.0,386.0,308.0,22.0,721.0,759.0,739.0,436.0,991.0,311.0,254.0,643.0,349.0,330.0,677.0,749.0,476.0,637.0,5961.0
719.0,991.0,514.0,107.0,697.0,795.0,461.0,147.0,157.0,415.0,941.0,983.0,981.0,342.0,993.0,469.0,389.0,756.0,982.0,868.0,105.0,909.0,50.0,456.0,570.0,61.0,689.0,352.0,939.0,250.0,68.0,535.0,166.0,833.0,62.0,429.0,21.0,726.0,940.0,720.0,455.0,471.0,766.0,327.0,992.0,265.0,613.0,411.0,598.0,829.0,725.0,716.0,566.0,508.0,356.0,738.0,131.0,975.0,140.0,861.0,691.0,167.0,923.0,610.0,103.0,3.0,764.0,165.0,318.0,651.0,307.0,685.0,872.0,373.0,822.0,53.0,876.0,120.0,794.0,979.0,731.0,252.0,870.0,503.0,580.0,205.0,191.0,918.0,707.0,465.0,268.0,155.0,25.0,916.0,808.0,100.0,592.0,196.0,654.0,5021.0
896.0,28.0,797.0,486.0,509.0,426.0,926.0,414.0,318.0,67.0,688.0,776.0,676.0,979.0,492.0,692.0,978.0,301.0,915.0,620.0,785.0,690.0,55.0,14.0,360.0,702.0,619.0,716.0,404.0,445.0,606.0,232.0,870.0,521.0,904.0,713.0,131.0,155.0,446.0,157.0,755.0,220.0,535.0,609.0,278.0,489.0,873.0,799.0,909.0,396.0,434.0,553.0,857.0,357.0,707.0,467.0,832.0,210.0,487.0,437.0,13.0,691.0,573.0,273.0,37.0,87.0,532.0,851.0,269.0,960.0,365.0,507.0,924.0,22.0,884.0,156.0,472.0,834.0,903.0,114.0,198.0,199.0,47.0,203.0,974.0,500.0,457.0,889.0,717.0,315.0,387.0,927.0,270.0,252.0,450.0,494.0,77.0,49.0,291.0,7951.0
384.0,990.0,525.0,847.0,465.0,377.0,969.0,535.0,741.0,595.0,380.0,650.0,43.0,240.0,220.0,154.0,892.0,609.0,677.0,765.0,674.0,839.0,931.0,559.0,897.0,282.0,86.0,393.0,720.0,433.0,984.0,794.0,36.0,664.0,64.0,651.0,99.0,81.0,730.0,481.0,12.0,455.0,517.0,132.0,842.0,676.0,295.0,879.0,673.0,626.0,574.0,562.0,111.0,234.0,340.0,25.0,462.0,812.0,248.0,353.0,352.0,687.0,300.0,437.0,866.0,88.0,926.0,387.0,646.0,540.0,671.0,885.0,345.0,445.0,982.0,173.0,317.0,56.0,698.0,164.0,373.0,695.0,456.0,79.0,983.0,688.0,143.0,37.0,181.0,560.0,770.0,404.0,322.0,932.0,612.0,615.0,896.0,119.0,883.0,7261.0
861.0,7.0,291.0,836.0,810.0,460.0,293.0,177.0,798.0,276.0,828.0,633.0,586.0,747.0,889.0,549.0,475.0,301.0,679.0,978.0,634.0,417.0,706.0,923.0,434.0,140.0,537.0,119.0,547.0,872.0,112.0,5.0,986.0,695.0,399.0,202.0,860.0,649.0,150.0,350.0,464.0,794.0,461.0,820.0,693.0,643.0,294.0,526.0,415.0,806.0,185.0,504.0,283.0,389.0,528.0,856.0,109.0,531.0,438.0,478.0,716.0,376.0,984.0,402.0,1.0,882.0,657.0,510.0,750.0,357.0,270.0,786.0,593.0,304.0,277.0,568.0,366.0,814.0,780.0,89.0,894.0,702.0,173.0,398.0,607.0,425.0,660.0,228.0,445.0,457.0,168.0,95.0,540.0,851.0,53.0,745.0,296.0,210.0,983.0,5631.0
651.0,916.0,451.0,859.0,253.0,458.0,518.0,762.0,366.0,843.0,360.0,941.0,240.0,857.0,484.0,266.0,924.0,104.0,206.0,342.0,587.0,852.0,69.0,421.0,847.0,588.0,611.0,149.0,714.0,708.0,982.0,232.0,895.0,684.0,736.0,818.0,222.0,39.0,532.0,910.0,613.0,958.0,165.0,407.0,373.0,620.0,570.0,102.0,348.0,520.0,481.0,105.0,164.0,877.0,302.0,713.0,932.0,308.0,330.0,116.0,747.0,161.0,526.0,254.0,327.0,415.0,638.0,772.0,212.0,992.0,501.0,393.0,286.0,646.0,796.0,820.0,235.0,781.0,775.0,981.0,771.0,928.0,875.0,902.0,316.0,797.0,892.0,121.0,791.0,100.0,676.0,63.0,860.0,350.0,954.0,383.0,943.0,586.0,1.0,1981.0
887.0,16.0,197.0,548.0,826.0,476.0,701.0,630.0,901.0,641.0,398.0,140.0,713.0,100.0,460.0,876.0,775.0,276.0,457.0,728.0,779.0,420.0,535.0,378.0,27.0,918.0,609.0,63.0,305.0,749.0,873.0,345.0,31.0,46.0,657.0,396.0,289.0,66.0,167.0,118.0,599.0,464.0,766.0,300.0,799.0,375.0,742.0,67.0,929.0,777.0,836.0,878.0,795.0,33.0,821.0,42.0,642.0,150.0,892.0,592.0,53.0,69.0,846.0,123.0,649.0,6.0,260.0,483.0,612.0,422.0,986.0,85.0,736.0,674.0,814.0,600.0,756.0,708.0,394.0,748.0,793.0,585.0,99.0,215.0,596.0,879.0,419.0,407.0,543.0,124.0,601.0,103.0,131.0,245.0,829.0,474.0,94.0,343.0,696.0,3121.0
997.0,75.0,217.0,608.0,300.0,498.0,478.0,198.0,929.0,939.0,97.0,138.0,735.0,489.0,221.0,540.0,839.0,798.0,114.0,358.0,359.0,154.0,896.0,550.0,898.0,141.0,800.0,380.0,265.0,332.0,783.0,559.0,555.0,930.0,9.0,761.0,554.0,189.0,466.0,117.0,460.0,402.0,311.0,24.0,319.0,631.0,285.0,435.0,341.0,481.0,12.0,140.0,246.0,419.0,444.0,247.0,259.0,94.0,831.0,849.0,872.0,612.0,758.0,712.0,855.0,389.0,911.0,40.0,823.0,682.0,42.0,977.0,164.0,160.0,193.0,227.0,772.0,428.0,335.0,526.0,127.0,330.0,349.0,368.0,211.0,377.0,961.0,415.0,617.0,725.0,121.0,281.0,572.0,57.0,186.0,403.0,888.0,298.0,643.0,2951.0
595.0,266.0,1.0,549.0,918.0,559.0,661.0,877.0,152.0,435.0,695.0,614.0,675.0,635.0,167.0,114.0,570.0,508.0,20.0,401.0,311.0,192.0,973.0,365.0,583.0,546.0,324.0,588.0,68.0,933.0,108.0,96.0,13.0,963.0,423.0,488.0,234.0,173.0,421.0,154.0,221.0,443.0,900.0,274.0,996.0,531.0,340.0,745.0,622.0,700.0,874.0,969.0,852.0,326.0,999.0,822.0,888.0,283.0,215.0,841.0,17.0,102.0,3.0,783.0,240.0,228.0,619.0,179.0,844.0,582.0,798.0,989.0,301.0,187.0,166.0,260.0,666.0,343.0,684.0,872.0,794.0,381.0,578.0,454.0,680.0,913.0,476.0,107.0,447.0,640.0,318.0,294.0,462.0,113.0,652.0,453.0,865.0,875.0,51.0,4081.0
853.0,801.0,485.0,740.0,820.0,344.0,416.0,263.0,995.0,31.0,30.0,389.0,838.0,982.0,979.0,841.0,858.0,147.0,419.0,992.0,503.0,963.0,901.0,612.0,320.0,707.0,252.0,239.0,91.0,794.0,387.0,282.0,957.0,620.0,600.0,479.0,100.0,19.0,378.0,267.0,568.0,121.0,298.0,390.0,949.0,127.0,894.0,560.0,120.0,334.0,467.0,709.0,700.0,839.0,259.0,981.0,330.0,900.0,986.0,559.0,16.0,702.0,752.0,415.0,109.0,388.0,311.0,776.0,793.0,238.0,348.0,21.0,118.0,833.0,312.0,255.0,974.0,728.0,0.0,350.0,151.0,809.0,101.0,799.0,372.0,933.0,54.0,38.0,477.0,158.0,129.0,555.0,86.0,496.0,451.0,400.0,822.0,424.0,646.0,7161.0
188.0,212.0,906.0,820.0,985.0,673.0,383.0,313.0,661.0,626.0,309.0,555.0,77.0,372.0,687.0,747.0,860.0,113.0,378.0,947.0,390.0,197.0,705.0,682.0,900.0,22.0,489.0,386.0,770.0,793.0,146.0,873.0,78.0,550.0,633.0,7.0,269.0,238.0,329.0,75.0,666.0,508.0,474.0,562.0,819.0,493.0,940.0,29.0,653.0,547.0,538.0,360.0,131.0,583.0,784.0,233.0,829.0,373.0,356.0,97.0,553.0,252.0,723.0,825.0,525.0,33.0,640.0,334.0,828.0,182.0,350.0,846.0,823.0,761.0,249.0,186.0,757.0,924.0,512.0,599.0,394.0,701.0,960.0,645.0,436.0,664.0,461.0,387.0,288.0,280.0,171.0,304.0,902.0,896.0,169.0,565.0,654.0,968.0,495.0,1141.0
294.0,144.0,633.0,669.0,948.0,143.0,192.0,320.0,588.0,833.0,735.0,10.0,332.0,627.0,31.0,642.0,113.0,721.0,243.0,457.0,278.0,276.0,643.0,7.0,142.0,432.0,869.0,644.0,984.0,15.0,653.0,671.0,612.0,462.0,816.0,719.0,212.0,127.0,198.0,407.0,708.0,469.0,723.0,539.0,786.0,48.0,545.0,912.0,152.0,517.0,438.0,194.0,811.0,964.0,800.0,546.0,672.0,139.0,790.0,160.0,155.0,328.0,287.0,764.0,862.0,105.0,62.0,806.0,660.0,445.0,72.0,682.0,824.0,651.0,808.0,717.0,866.0,609.0,665.0,532.0,226.0,284.0,823.0,151.0,92.0,841.0,747.0,874.0,443.0,925.0,398.0,74.0,918.0,423.0,754.0,252.0,492.0,85.0,955.0,9891.0
173.0,732.0,901.0,629.0,708.0,145.0,762.0,260.0,406.0,927.0,994.0,604.0,908.0,843.0,778.0,427.0,408.0,810.0,278.0,569.0,190.0,387.0,397.0,205.0,747.0,290.0,968.0,931.0,410.0,405.0,137.0,25.0,80.0,494.0,172.0,726.0,859.0,737.0,34.0,4.0,614.0,47.0,26.0,490.0,688.0,528.0,122.0,37.0,627.0,394.0,670.0,903.0,41.0,730.0,554.0,992.0,668.0,45.0,532.0,991.0,301.0,887.0,102.0,996.0,746.0,789.0,574.0,392.0,630.0,125.0,179.0,949.0,910.0,16.0,512.0,146.0,434.0,918.0,478.0,196.0,951.0,78.0,448.0,822.0,479.0,283.0,537.0,307.0,594.0,255.0,197.0,917.0,834.0,863.0,840.0,226.0,899.0,856.0,384.0,5011.0
